 1.382e-01    2.629e-01    3.618e-01    4.253e-01    4.472e-01    4.253e-01    3.618e-01    2.629e-01    1.382e-01   
 2.629e-01    4.253e-01    4.253e-01    2.629e-01    5.477e-17   -2.629e-01   -4.253e-01   -4.253e-01   -2.629e-01   
 3.618e-01    4.253e-01    1.382e-01   -2.629e-01   -4.472e-01   -2.629e-01    1.382e-01    4.253e-01    3.618e-01   
 4.253e-01    2.629e-01   -2.629e-01   -4.253e-01   -1.095e-16    4.253e-01    2.629e-01   -2.629e-01   -4.253e-01   
 4.472e-01    5.477e-17   -4.472e-01   -1.095e-16    4.472e-01    1.643e-16   -4.472e-01   -2.191e-16    4.472e-01   
 4.253e-01   -2.629e-01   -2.629e-01    4.253e-01    1.643e-16   -4.253e-01    2.629e-01    2.629e-01   -4.253e-01   
 3.618e-01   -4.253e-01    1.382e-01    2.629e-01   -4.472e-01    2.629e-01    1.382e-01   -4.253e-01    3.618e-01   
 2.629e-01   -4.253e-01    4.253e-01   -2.629e-01   -2.191e-16    2.629e-01   -4.253e-01    4.253e-01   -2.629e-01   
 1.382e-01   -2.629e-01    3.618e-01   -4.253e-01    4.472e-01   -4.253e-01    3.618e-01   -2.629e-01    1.382e-01   
