 1.382e-01    2.629e-01    3.618e-01    4.253e-01    4.472e-01    4.253e-01    3.618e-01    2.629e-01    1.382e-01   
 2.629e-01    4.253e-01    4.253e-01    2.629e-01   -2.097e-16   -2.629e-01   -4.253e-01   -4.253e-01   -2.629e-01   
 3.618e-01    4.253e-01    1.382e-01   -2.629e-01   -4.472e-01   -2.629e-01    1.382e-01    4.253e-01    3.618e-01   
-4.253e-01   -2.629e-01    2.629e-01    4.253e-01    3.601e-16   -4.253e-01   -2.629e-01    2.629e-01    4.253e-01   
 4.472e-01    1.708e-16   -4.472e-01   -2.374e-16    4.472e-01   -6.253e-18   -4.472e-01   -1.654e-16    4.472e-01   
 4.253e-01   -2.629e-01   -2.629e-01    4.253e-01    5.765e-16   -4.253e-01    2.629e-01    2.629e-01   -4.253e-01   
 3.618e-01   -4.253e-01    1.382e-01    2.629e-01   -4.472e-01    2.629e-01    1.382e-01   -4.253e-01    3.618e-01   
-2.629e-01    4.253e-01   -4.253e-01    2.629e-01    1.589e-15   -2.629e-01    4.253e-01   -4.253e-01    2.629e-01   
 1.382e-01   -2.629e-01    3.618e-01   -4.253e-01    4.472e-01   -4.253e-01    3.618e-01   -2.629e-01    1.382e-01   
