 2.629e-01    4.253e-01    4.253e-01    2.629e-01   -3.715e-14   -2.629e-01   -4.253e-01   -4.253e-01   -2.629e-01   
-2.629e-01    4.253e-01   -4.253e-01    2.629e-01   -1.505e-13   -2.629e-01    4.253e-01   -4.253e-01    2.629e-01   
-4.253e-01   -2.629e-01    2.629e-01    4.253e-01    6.363e-12   -4.253e-01   -2.629e-01    2.629e-01    4.253e-01   
 4.253e-01   -2.629e-01   -2.629e-01    4.253e-01    1.003e-12   -4.253e-01    2.629e-01    2.629e-01   -4.253e-01   
-3.618e-01   -4.253e-01   -1.382e-01    2.629e-01    4.472e-01    2.629e-01   -1.382e-01   -4.253e-01   -3.618e-01   
 3.618e-01   -4.253e-01    1.382e-01    2.629e-01   -4.472e-01    2.629e-01    1.382e-01   -4.253e-01    3.618e-01   
 1.382e-01    2.629e-01    3.618e-01    4.253e-01    4.472e-01    4.253e-01    3.618e-01    2.629e-01    1.382e-01   
-1.382e-01    2.629e-01   -3.618e-01    4.253e-01   -4.472e-01    4.253e-01   -3.618e-01    2.629e-01   -1.382e-01   
 4.472e-01    3.637e-12   -4.472e-01   -5.582e-12    4.472e-01    6.117e-12   -4.472e-01   -4.499e-12    4.472e-01   
